net1230
(
95010 71819 100710 91201 Metal2
95010 83220 100710 91201 Metal1
89310 71819 100710 77520 Metal3
95010 71819 100710 77520 Metal2
89310 71819 95010 77520 Metal2
89310 71819 95010 77520 Metal2
89310 71819 95010 77520 Metal1
)
net1238
(
89310 77520 100710 83220 Metal1
89310 77520 95010 83220 Metal1
95010 77520 100710 91201 Metal1
89310 77520 95010 83220 Metal1
89310 77520 95010 91201 Metal1
)
net1235
(
95010 71819 104401 77520 Metal1
100710 71819 104401 77520 Metal1
100710 71819 104401 91201 Metal2
100710 83220 104401 91201 Metal1
100710 71819 104401 77520 Metal2
100710 71819 104401 77520 Metal2
)
net1239
(
89310 83220 104401 91201 Metal3
100710 83220 104401 91201 Metal2
100710 77520 104401 91201 Metal2
89310 83220 95010 91201 Metal2
89310 83220 95010 91201 Metal1
100710 77520 104401 83220 Metal1
89310 83220 95010 91201 Metal2
)
net1231
(
83599 83220 95010 91201 Metal3
89310 83220 95010 91201 Metal2
89310 77520 95010 91201 Metal2
83599 83220 89310 91201 Metal2
83599 83220 89310 91201 Metal1
89310 77520 95010 83220 Metal1
83599 83220 89310 91201 Metal2
)
net1232
(
89310 77520 100710 83220 Metal3
95010 77520 100710 91201 Metal2
95010 83220 100710 91201 Metal1
95010 77520 100710 83220 Metal3
95010 77520 100710 83220 Metal2
95010 77520 100710 83220 Metal3
89310 77520 95010 83220 Metal3
83599 77520 95010 83220 Metal3
83599 77520 89310 83220 Metal2
83599 77520 89310 83220 Metal2
83599 77520 89310 83220 Metal1
)
net1234
(
95010 71819 100710 91201 Metal2
95010 83220 100710 91201 Metal1
95010 71819 100710 77520 Metal3
95010 71819 100710 77520 Metal2
95010 71819 100710 77520 Metal2
95010 71819 100710 77520 Metal1
)
net1236
(
95010 71819 104401 77520 Metal3
100710 71819 104401 77520 Metal2
83599 71819 95010 77520 Metal3
100710 71819 104401 77520 Metal2
95010 71819 100710 77520 Metal3
89310 71819 100710 77520 Metal3
89310 71819 95010 77520 Metal3
83599 71819 89310 77520 Metal2
83599 71819 89310 77520 Metal1
100710 71819 104401 77520 Metal1
83599 71819 89310 77520 Metal2
)
net1233
(
89310 71819 95010 77520 Metal1
89310 71819 100710 77520 Metal3
95010 71819 100710 77520 Metal2
95010 71819 100710 77520 Metal1
89310 71819 95010 77520 Metal2
)
net1240
(
89310 71819 95010 83220 Metal2
89310 77520 95010 83220 Metal1
89310 71819 95010 77520 Metal1
)
net1237
(
89310 77520 95010 83220 Metal2
89310 77520 95010 83220 Metal1
89310 77520 100710 83220 Metal3
95010 77520 100710 83220 Metal2
89310 77520 95010 83220 Metal2
95010 77520 100710 83220 Metal1
)
