ionet5
(
2730310 723900 2736010 729600 Metal1
2730310 723900 2736010 729600 Metal2
2718910 723900 2736010 729600 Metal3
2718910 723900 2724610 729600 Metal4
85510 723900 2724610 729600 Metal5
85510 723900 91210 1812600 Metal6
17110 1806900 91210 1812600 Metal7
)
ionet4
(
843610 1681500 849310 1687200 Metal1
843610 1681500 849310 1687200 Metal2
843610 1681500 860710 1687200 Metal3
855010 1681500 860710 1687200 Metal4
855010 1681500 1943710 1687200 Metal5
1938010 1681500 1943710 1687200 Metal6
)
ionet3
(
940510 336300 1020310 342000 Metal5
940510 342000 946210 347700 Metal5
1014610 342000 1105810 347700 Metal5
1100110 342000 1105810 3904500 Metal6
)
ionet2
(
239410 541500 3779110 547020 Metal5
239410 342000 245110 347700 Metal6
239410 541500 245110 547020 Metal6
3773410 541500 3779110 547020 Metal6
3779110 541500 3784810 2519400 Metal6
239410 342000 245110 347700 Metal7
239410 541500 245110 547020 Metal7
3779110 2513700 3836110 2519400 Metal7
239410 342000 245110 547020 Metal8
)
ionet1
(
1567510 587100 1573210 592800 Metal1
1567510 541500 1573210 592800 Metal2
296410 541500 1573210 547020 Metal3
296410 524400 302110 547020 Metal4
792310 541500 798010 883500 Metal4
296410 524400 302110 530100 Metal5
792310 877800 798010 883500 Metal5
233710 336300 239410 342000 Metal6
296410 524400 302110 530100 Metal6
792310 877800 798010 883500 Metal6
233710 336300 302110 342000 Metal7
296410 524400 302110 530100 Metal7
296410 336300 302110 530100 Metal8
)
net3
(
1567510 587100 1573210 592800 Metal1
2724610 723900 2730310 729600 Metal1
843610 1681500 849310 1687200 Metal1
3454210 3596700 3459910 3602400 Metal1
1567510 587100 1573210 1687200 Metal2
2724610 723900 2730310 1687200 Metal2
843610 1681500 849310 1687200 Metal2
3454210 1681500 3459910 3602400 Metal2
843610 1681500 3459910 1687200 Metal3
)
net7
(
3454210 3596700 3459910 3602400 Metal1
3454210 342000 3459910 3602400 Metal2
1008910 336300 1020310 342000 Metal3
1008910 342000 3459910 347700 Metal3
570010 336300 575710 342000 Metal4
1008910 336300 1014610 347700 Metal4
570010 336300 809410 342000 Metal5
872110 336300 1014610 342000 Metal5
803710 336300 809410 342000 Metal6
872110 336300 877810 342000 Metal6
803710 336300 877810 342000 Metal7
)
