2
18
100 0 100 1000
140 0 140 1000
180 0 180 1000
220 0 220 1000
260 0 260 1000
360 0 360 1000
400 0 400 1000
440 0 440 1000
480 0 480 1000
520 0 520 1000
620 0 620 1000
660 0 660 1000
700 0 700 1000
740 0 740 1000
780 0 780 1000
880 0 880 1000
920 0 920 1000
960 0 960 1000
8
175 245 185 255
175 395 185 405
355 145 365 155
355 295 365 305
355 445 365 455
515 245 515 255
525 395 525 405
735 195 925 505
0
6
612 200 628 600
92 200 108 800
652 350 668 700
132 350 148 750
692 550 708 750
212 550 228 650
16
0 50 1000 50
0 100 1000 100
0 200 1000 200
0 250 1000 250
0 350 1000 350
0 400 1000 400
0 450 1000 450
0 550 1000 550
0 600 1000 600
0 650 1000 650
0 750 1000 750
0 800 1000 800
450 500 1000 500
450 700 1000 700
450 850 1000 850
450 900 1000 900
9
175 245 185 255
175 395 185 405
355 145 365 155
355 295 365 305
355 445 365 455
515 245 515 255
525 395 525 405
255 595 450 900
735 195 925 505
6
0 795 20 805
980 595 1000 605
0 745 20 755
980 695 1000 705
0 645 20 655
980 745 1000 755
9
620 592 1000 608
100 192 620 208
0 792 100 808
660 692 1000 708
140 342 660 358
0 742 140 758
700 742 1000 758
220 542 700 558
0 642 220 658
